seq,ship_code,ship_id,voyage_no,start_port,dest_port,passage_plan_create_dt,origin_latitude,origin_longitude,latitude,longitude,course,distance,sub_ttl,dtg,total_distance,safety_speed,depth,squat,ukc,eta,type,file_name,create_dt
167703,HGCN,GLOVIS CHAMPION,0045E,KRUSN,KRKAN,20191118,35-22.60 N,129-25.30 E,35.38,129.42,178.5,1.6,9.1,146.6,157.3,7,55,0.3,45.1,2.02E+11,RWP,HGCN19110185.VO6,2019-12-09 17:53
167704,HGCN,GLOVIS CHAMPION,0045E,KRUSN,KRKAN,20191118,34-55.90 N,129-18.70 E,34.9416667,129.3194444,191.5,27.2,27.2,119.4,157.3,17,72,1.72,60.7,2.02E+11,RWP,HGCN19110185.VO6,2019-12-09 17:53
167705,HGCN,GLOVIS CHAMPION,0045E,KRUSN,KRKAN,20191118,34-21.70 N,128-47.30 E,34.3694444,128.7916667,217.2,42.9,70.1,76.5,157.3,17,100,1.72,88.7,2.02E+11,RWP,HGCN19110185.VO6,2019-12-09 17:53
167706,HGCN,GLOVIS CHAMPION,0045E,KRUSN,KRKAN,20191118,34-21.70 N,128-05.20 E,34.3694444,128.0888889,270,34.8,104.9,41.7,157.3,17,57,1.72,45.7,2.02E+11,RWP,HGCN19110185.VO6,2019-12-09 17:53
167707,HGCN,GLOVIS CHAMPION,0045E,KRUSN,KRKAN,20191118,34-34.10 N,127-57.90 E,34.5694444,127.975,334,13.8,118.7,27.9,157.3,17,27.5,1.72,16.2,2.02E+11,RWP,HGCN19110185.VO6,2019-12-09 17:53
167708,HGCN,GLOVIS CHAMPION,0045E,KRUSN,KRKAN,20191118,34-41.03 N,127-56.13 E,34.6841667,127.9369444,348.1,7.1,125.8,20.8,157.3,14,24,1.17,13.2,2.02E+11,RWP,HGCN19110185.VO6,2019-12-09 17:53
167709,HGCN,GLOVIS CHAMPION,0045E,KRUSN,KRKAN,20191118,34-43.60 N,127-50.40 E,34.7333333,127.8444444,298.5,5.4,131.2,15.4,157.3,14,22,1.17,11.2,2.02E+11,RWP,HGCN19110185.VO6,2019-12-09 17:53
167710,HGCN,GLOVIS CHAMPION,0045E,KRUSN,KRKAN,20191118,34-44.51 N,127-49.50 E,34.75,127.83,320.8,1.2,132.4,14.2,157.3,7,26,0.3,16.1,2.02E+11,RWP,HGCN19110185.VO6,2019-12-09 17:53
169570,SMSN,GLOVIS SUN,0026E,KRUSN,KRKAN,20191126,35-22.59 N,129-25.88 E,35.38,129.42,0,0,0,137.8,146.8,10,70,0.47,60.23,2.02E+11,RWP,SMSN19110170.VO6,2019-12-09 17:53
169571,SMSN,GLOVIS SUN,0026E,KRUSN,KRKAN,20191126,35-12.98 N,129-24.99 E,35.2272222,129.4275,184.3,9.6,9.6,128.2,146.8,15,108,1.06,97.64,2.02E+11,RWP,SMSN19110170.VO6,2019-12-09 17:53
169572,SMSN,GLOVIS SUN,0026E,KRUSN,KRKAN,20191126,34-31.66 N,128-51.74 E,34.535,128.8705556,213.6,49.6,59.2,78.6,146.8,15,97,1.06,86.64,2.02E+11,RWP,SMSN19110170.VO6,2019-12-09 17:53
169573,SMSN,GLOVIS SUN,0026E,KRUSN,KRKAN,20191126,34-26.77 N,128-44.22 E,34.4547222,128.7394444,231.9,7.9,67.1,70.7,146.8,15,91,1.06,80.64,2.02E+11,RWP,SMSN19110170.VO6,2019-12-09 17:53
169574,SMSN,GLOVIS SUN,0026E,KRUSN,KRKAN,20191126,34-26.82 N,128-05.25 E,34.4561111,128.0902778,270.1,32.3,99.4,38.4,146.8,15,43,1.06,32.64,2.02E+11,RWP,SMSN19110170.VO6,2019-12-09 17:53
169575,SMSN,GLOVIS SUN,0026E,KRUSN,KRKAN,20191126,34-35.66 N,127-57.55 E,34.6016667,127.9652778,324.2,10.9,110.3,27.5,146.8,15,26,1.06,15.64,2.02E+11,RWP,SMSN19110170.VO6,2019-12-09 17:53
169576,SMSN,GLOVIS SUN,0026E,KRUSN,KRKAN,20191126,34-40.72 N,127-55.98 E,34.6866667,127.9438889,345.6,5.2,115.5,22.3,146.8,15,22.5,1.06,12.14,2.02E+11,RWP,SMSN19110170.VO6,2019-12-09 17:53
169577,SMSN,GLOVIS SUN,0026E,KRUSN,KRKAN,20191126,34-43.50 N,127-50.50 E,34.7305556,127.8472222,301.6,5.3,120.8,17,146.8,15,26,1.06,15.64,2.02E+11,RWP,SMSN19110170.VO6,2019-12-09 17:53
169578,SMSN,GLOVIS SUN,0026E,KRUSN,KRKAN,20191126,34-44.48 N,127-49.62 E,34.75,127.83,323.4,1.2,122,15.8,146.8,10,26.5,0.47,16.73,2.02E+11,RWP,SMSN19110170.VO6,2019-12-09 17:53
170793,HGLS,GLOVIS SOLOMON,V0036,KRUSN,KRKAN,20191129,35-22.00 N,129-27.50 E,35.38,129.42,0,0,0,152,162.2,5,87,0.2,77.84,2.02E+11,RWP,HGLS19110539.VO6,2019-12-09 17:53
170794,HGLS,GLOVIS SOLOMON,V0036,KRUSN,KRKAN,20191129,34-54.42 N,129-17.83 E,34.9116667,129.3063889,196.1,28.7,28.7,123.3,162.2,10,137,0.64,127.36,2.02E+11,RWP,HGLS19110539.VO6,2019-12-09 17:53
170795,HGLS,GLOVIS SOLOMON,V0036,KRUSN,KRKAN,20191129,34-21.40 N,128-47.61 E,34.3611111,128.8002778,217.1,41.4,70.1,81.9,162.2,16,100,1.64,89.36,2.02E+11,RWP,HGLS19110539.VO6,2019-12-09 17:53
170796,HGLS,GLOVIS SOLOMON,V0036,KRUSN,KRKAN,20191129,34-21.40 N,128-00.21 E,34.3611111,128.0058333,270,39.1,109.2,42.8,162.2,16,56,1.64,45.36,2.02E+11,RWP,HGLS19110539.VO6,2019-12-09 17:53
170797,HGLS,GLOVIS SOLOMON,V0036,KRUSN,KRKAN,20191129,34-24.20 N,127-57.45 E,34.4055556,127.9625,320.7,3.6,112.8,39.2,162.2,16,45,1.64,34.36,2.02E+11,RWP,HGLS19110539.VO6,2019-12-09 17:53
170798,HGLS,GLOVIS SOLOMON,V0036,KRUSN,KRKAN,20191129,34-35.66 N,127-57.45 E,34.6016667,127.9625,0,11.5,124.3,27.7,162.2,16,25,1.64,14.36,2.02E+11,RWP,HGLS19110539.VO6,2019-12-09 17:53
170799,HGLS,GLOVIS SOLOMON,V0036,KRUSN,KRKAN,20191129,34-40.50 N,127-56.30 E,34.6805556,127.9416667,348.9,4.9,129.2,22.8,162.2,16,22,1.64,11.36,2.02E+11,RWP,HGLS19110539.VO6,2019-12-09 17:53
170800,HGLS,GLOVIS SOLOMON,V0036,KRUSN,KRKAN,20191129,34-43.60 N,127-50.30 E,34.7333333,127.8416667,302,5.8,135,17,162.2,10,26,0.64,16.36,2.02E+11,RWP,HGLS19110539.VO6,2019-12-09 17:53
170801,HGLS,GLOVIS SOLOMON,V0036,KRUSN,KRKAN,20191129,34-44.51 N,127-49.50 E,34.75,127.83,324,1.1,136.1,15.9,162.2,5,26,0.16,16.84,2.02E+11,RWP,HGLS19110539.VO6,2019-12-09 17:53
166216,HGCO,GLOVIS COURAGE,0046W,KRUSN,KRKAN,20191113,35-22.75 N,129-26.34 E,35.38,129.42,0,0,0,132.7,142,10,60,1.2,49.7,2.02E+11,RWP,HGCO19110145.VO6,2019-12-09 17:53
166217,HGCO,GLOVIS COURAGE,0046W,KRUSN,KRKAN,20191113,35-21.20 N,129-27.60 E,35.3555556,129.4666667,146.3,1.9,1.9,130.8,142,16,79,3,66.9,2.02E+11,RWP,HGCO19110145.VO6,2019-12-09 17:53
166218,HGCO,GLOVIS COURAGE,0046W,KRUSN,KRKAN,20191113,34-46.38 N,129-03.21 E,34.7772222,129.0558333,209.9,40.2,42.1,90.6,142,16,96,3,83.9,2.02E+11,RWP,HGCO19110145.VO6,2019-12-09 17:53
166219,HGCO,GLOVIS COURAGE,0046W,KRUSN,KRKAN,20191113,34-37.07 N,128-43.59 E,34.6186111,128.7330556,240.1,18.7,60.8,71.9,142,16,76,3,63.9,2.02E+11,RWP,HGCO19110145.VO6,2019-12-09 17:53
166220,HGCO,GLOVIS COURAGE,0046W,KRUSN,KRKAN,20191113,34-34.15 N,128-38.47 E,34.5708333,128.6463889,235.4,5.1,65.9,66.8,142,16,68,3,55.9,2.02E+11,RWP,HGCO19110145.VO6,2019-12-09 17:53
166221,HGCO,GLOVIS COURAGE,0046W,KRUSN,KRKAN,20191113,34-30.76 N,128-26.50 E,34.5211111,128.4472222,251.1,10.5,76.4,56.3,142,16,61,3,48.9,2.02E+11,RWP,HGCO19110145.VO6,2019-12-09 17:53
166222,HGCO,GLOVIS COURAGE,0046W,KRUSN,KRKAN,20191113,34-28.27 N,128-03.86 E,34.4741667,128.0738889,262.4,18.9,95.3,37.4,142,16,40,3,27.9,2.02E+11,RWP,HGCO19110145.VO6,2019-12-09 17:53
166223,HGCO,GLOVIS COURAGE,0046W,KRUSN,KRKAN,20191113,34-35.65 N,127-57.49 E,34.6013889,127.9636111,324.5,9.1,104.4,28.3,142,16,26,3,13.9,2.02E+11,RWP,HGCO19110145.VO6,2019-12-09 17:53
166224,HGCO,GLOVIS COURAGE,0046W,KRUSN,KRKAN,20191113,34-40.97 N,127-56.13 E,34.6936111,127.9369444,348.1,5.4,109.8,22.9,142,16,24,3,11.9,2.02E+11,RWP,HGCO19110145.VO6,2019-12-09 17:53
166225,HGCO,GLOVIS COURAGE,0046W,KRUSN,KRKAN,20191113,34-43.80 N,127-49.88 E,34.7388889,127.8411111,298.7,5.9,115.7,17,142,16,22,3,9.9,2.02E+11,RWP,HGCO19110145.VO6,2019-12-09 17:53
166226,HGCO,GLOVIS COURAGE,0046W,KRUSN,KRKAN,20191113,34-44.51 N,127-49.68 E,34.75,127.83,346.9,0.7,116.4,16.3,142,10,26,1.2,15.7,2.02E+11,RWP,HGCO19110145.VO6,2019-12-09 17:53
213960,HGPR,GLOVIS PRIME,0048E,KRUSN,KRKAN,20191208,35-22.56 N,129-25.83 E,35.38,129.42,0,0,0,247.2,256.3,12,70,1.92,59.58,2.01912E+11,RWP,HGPR19120236.VO6,2019-12-23 5:08
213961,HGPR,GLOVIS PRIME,0048E,KRUSN,KRKAN,20191208,35-21.43 N,129-25.16 E,35.3619444,129.4211111,205.9,1.3,1.3,245.9,256.3,15,80,1.36,70.14,2.01912E+11,RWP,HGPR19120236.VO6,2019-12-23 5:08
213962,HGPR,GLOVIS PRIME,0048E,KRUSN,KRKAN,20191208,35-17.79 N,129-24.28 E,35.3052778,129.4077778,191.2,3.7,5,242.2,256.3,15,82,1.36,72.14,2.01912E+11,RWP,HGPR19120236.VO6,2019-12-23 5:08
213963,HGPR,GLOVIS PRIME,0048E,KRUSN,KRKAN,20191208,34-54.94 N,129-18.84 E,34.9261111,129.3233333,191.1,23.3,28.3,218.9,256.3,15,139,1.36,129.14,2.01912E+11,RWP,HGPR19120236.VO6,2019-12-23 5:08
213964,HGPR,GLOVIS PRIME,0048E,KRUSN,KRKAN,20191208,34-19.35 N,128-47.60 E,34.3263889,128.8,216,44,72.3,174.9,256.3,15,101,1.36,91.14,2.01912E+11,RWP,HGPR19120236.VO6,2019-12-23 5:08
213965,HGPR,GLOVIS PRIME,0048E,KRUSN,KRKAN,20191208,34-19.34 N,128-10.65 E,34.3261111,128.1847222,270,30.7,103,144.2,256.3,15,71,1.36,61.14,2.01912E+11,RWP,HGPR19120236.VO6,2019-12-23 5:08
213966,HGPR,GLOVIS PRIME,0048E,KRUSN,KRKAN,20191208,34-23.10 N,128-07.48 E,34.3861111,128.13,325,4.6,107.6,139.6,256.3,15,59,1.36,49.14,2.01912E+11,RWP,HGPR19120236.VO6,2019-12-23 5:08
213967,HGPR,GLOVIS PRIME,0048E,KRUSN,KRKAN,20191208,34-25.96 N,128-05.06 E,34.4433333,128.085,325,3.5,111.1,136.1,256.3,15,45,1.36,35.14,2.01912E+11,RWP,HGPR19120236.VO6,2019-12-23 5:08
213968,HGPR,GLOVIS PRIME,0048E,KRUSN,KRKAN,20191208,34-31.95 N,127-59.98 E,34.5430556,128.0105556,324.9,7.3,118.4,128.8,256.3,15,30,1.36,20.14,2.01912E+11,RWP,HGPR19120236.VO6,2019-12-23 5:08
213969,HGPR,GLOVIS PRIME,0048E,KRUSN,KRKAN,20191208,34-35.00 N,127-57.45 E,34.5833333,127.9625,325.5,3.7,122.1,125.1,256.3,15,26.5,1.36,16.64,2.01912E+11,RWP,HGPR19120236.VO6,2019-12-23 5:08
213970,HGPR,GLOVIS PRIME,0048E,KRUSN,KRKAN,20191208,34-41.02 N,127-56.00 E,34.6838889,127.9333333,348.7,6.1,128.2,119,256.3,15,24.5,1.36,14.64,2.01912E+11,RWP,HGPR19120236.VO6,2019-12-23 5:08
213971,HGPR,GLOVIS PRIME,0048E,KRUSN,KRKAN,20191208,34-43.03 N,127-50.96 E,34.7175,127.86,295.8,4.6,132.8,114.4,256.3,15,26,1.36,16.14,2.01912E+11,RWP,HGPR19120236.VO6,2019-12-23 5:08
213972,HGPR,GLOVIS PRIME,0048E,KRUSN,KRKAN,20191208,34-44.50 N,127-49.50 E,34.75,127.83,320.6,1.9,134.7,112.5,256.3,15,26,1.36,16.14,2.01912E+11,RWP,HGPR19120236.VO6,2019-12-23 5:08
